../../../../../.git/annex/objects/xJ/7K/MD5E-s1069--e6168675264ca1bb3f0bf9fe9af97ab1.csv/MD5E-s1069--e6168675264ca1bb3f0bf9fe9af97ab1.csv